129,4
129,3
129,2
129,1
129,0
0,438
128,7
128,6
128,4
128,3
128,2
128,1
128,0
127,5
127,4
127,3
127,2
127,1
127,0
126,4
126,3
126,2
126,1
126,0
125,3
125,2
125,1
125,0
124,7
124,5
124,4
124,3
124,2
124,1
124,0
123,6
123,5
123,4
123,3
123,2
123,1
123,0
122,5
122,4
122,3
122,2
122,1
122,0
121,4
121,3
121,2
121,1
121,0
120,3
120,2
120,1
120,0
119,7
119,5
119,4
119,3
119,2
119,1
119,0
118,6
118,5
118,4
118,3
118,2
118,1
118,0
117,5
117,4
117,3
117,2
117,1
117,0
116,4
116,3
116,2
116,1
116,0
115,3
115,2
115,1
115,0
114,6
114,4
114,3
114,2
114,1
114,0
113,5
113,4
113,3
113,2
113,1
113,0
112,4
112,3
112,2
112,1
112,0
111,3
111,2
111,1
111,0
110,3
110,2
110,1
110,0
109,3
109,2
109,1
109,0
108,3
108,2
108,1
108,0
107,4
107,3
107,2
107,1
107,0
106,7
106,6
106,4
106,3
106,2
106,1
106,0
102,7
102,5
102,4
102,3
102,2
102,1
102,0
97,7
97,5
97,4
97,3
97,2
97,1
97,0
92,6
92,4
92,3
92,2
92,1
92,0
88,3
88,2
88,1
88,0
86,3
86,2
86,1
86,0
4,3
4,2
4,1
4,0
3,6
3,5
3,4
3,3
3,2
3,1
3,0
2,3
2,2
2,1
2,0
1,3
1,2
1,1
1,0
0,408
0,322
0,243
0,9
0,1
0,0
0,310
0,305
0,308
0,304
0,303
0,302
0,307
0,12
0,10
0,8
0,430
0,300
0,299
0,410
0,298
0,409
0,297
0,437
0,296
0,407
0,295
0,406
0,294
0,405
0,293
0,403
0,292
0,402
0,291
0,404
0,290
0,400
0,289
0,399
0,288
0,401
0,287
0,397
0,286
0,396
0,285
0,398
0,284
0,429
0,283
0,395
0,282
0,428
0,281
0,394
0,280
0,393
0,279
0,436
0,278
0,392
0,277
0,391
0,276
0,390
0,275
0,389
0,274
0,388
0,273
0,427
0,272
0,426
0,271
0,387
0,270
0,386
0,269
0,385
0,268
0,384
0,267
0,383
0,266
0,382
0,265
0,380
0,264
0,379
0,263
0,381
0,262
0,425
0,261
0,424
0,260
0,378
0,259
0,423
0,258
0,377
0,257
0,376
0,256
0,375
0,255
0,374
0,254
0,422
0,253
0,373
0,252
0,372
0,251
0,435
0,250
0,371
0,249
0,370
0,248
0,369
0,247
0,368
0,246
0,367
0,245
0,421
0,244
0,420
0,242
0,366
0,241
0,365
0,240
0,364
0,239
0,434
0,238
0,363
0,237
0,362
0,236
0,361
0,235
0,359
0,234
0,358
0,233
0,360
0,232
0,356
0,231
0,355
0,230
0,357
0,229
0,353
0,228
0,352
0,227
0,354
0,226
0,433
0,225
0,432
0,224
0,419
0,223
0,351
0,222
0,431
0,221
0,350
0,220
0,219
0,348
0,218
0,347
0,217
0,418
0,216
0,346
0,215
0,345
0,214
0,417
0,213
0,344
0,212
0,343
0,211
0,342
0,210
0,341
0,209
0,340
0,208
0,416
0,207
0,415
0,206
0,339
0,205
0,338
0,204
0,337
0,203
0,414
0,202
0,336
0,201
0,335
0,200
0,334
0,199
0,332
0,198
0,331
0,197
0,333
0,196
0,329
0,195
0,328
0,194
0,330
0,193
0,413
0,192
0,327
0,63
0,326
0,62
0,325
0,61
0,412
0,60
0,324
0,59
0,323
0,58
0,321
0,57
0,319
0,56
0,318
0,55
0,320
0,54
0,317
0,53
0,316
0,52
0,315
0,51
0,314
0,50
0,313
0,49
0,312
0,48
0,311
0,47
0,309
0,46
0,306
0,45
0,301
0,6
0,5
0,11
0,4
0,2
0,3
0,7
